GPU
429 327 297 273 311 313 290 228 249 421 333 302 384 282 370 238 
386 320 279 263 272 263 248 211 327 359 289 307 404 303 322 237 
414 429 388 373 324 397 347 276 383 408 428 398 427 362 427 299 
511 515 385 345 366 466 345 362 383 455 457 372 540 427 490 398 
405 382 252 245 262 348 235 258 237 411 371 206 387 263 352 267 
299 291 220 207 255 283 234 191 170 262 327 208 332 212 378 239 
299 345 294 319 217 299 191 239 307 338 296 314 285 298 334 193 
368 394 290 393 227 341 223 274 276 395 416 279 299 334 408 229 
493 436 374 394 357 351 294 291 352 508 430 370 402 392 391 282 
398 449 349 374 280 358 295 262 297 398 416 289 348 318 358 286 
386 424 390 365 316 359 230 319 394 482 431 357 408 381 417 264 
431 402 339 337 319 322 264 312 333 431 471 322 369 312 423 289 
593 446 339 454 384 451 334 349 440 617 445 375 465 454 401 333 
412 334 264 308 285 325 258 271 276 356 330 306 326 317 367 280 
381 317 292 271 297 319 280 261 253 349 324 322 303 293 333 240 
327 270 174 225 248 267 194 236 194 273 263 188 313 260 298 221 
CPU
429 327 297 273 311 313 290 228 249 421 333 302 384 282 370 238 
386 320 279 263 272 263 248 211 327 359 289 307 404 303 322 237 
414 429 388 373 324 397 347 276 383 408 428 398 427 362 427 299 
511 515 385 345 366 466 345 362 383 455 457 372 540 427 490 398 
405 382 252 245 262 348 235 258 237 411 371 206 387 263 352 267 
299 291 220 207 255 283 234 191 170 262 327 208 332 212 378 239 
299 345 294 319 217 299 191 239 307 338 296 314 285 298 334 193 
368 394 290 393 227 341 223 274 276 395 416 279 299 334 408 229 
493 436 374 394 357 351 294 291 352 508 430 370 402 392 391 282 
398 449 349 374 280 358 295 262 297 398 416 289 348 318 358 286 
386 424 390 365 316 359 230 319 394 482 431 357 408 381 417 264 
431 402 339 337 319 322 264 312 333 431 471 322 369 312 423 289 
593 446 339 454 384 451 334 349 440 617 445 375 465 454 401 333 
412 334 264 308 285 325 258 271 276 356 330 306 326 317 367 280 
381 317 292 271 297 319 280 261 253 349 324 322 303 293 333 240 
327 270 174 225 248 267 194 236 194 273 263 188 313 260 298 221 
